28
-7.984757184982301 49.784560286998747
-8.22921496629715 48.806729161739348
-7.658813476562501 46.574014759063722
-6.632090795040131 45.987316083908084
-4.399376392364502 45.400617408752439
-2.753360664844513 46.720689427852633
-2.394822585582733 48.13854455947876
-2.737063479423523 48.855620718002321
-3.470436823368073 49.784560286998747
-5.100155365467072 50.32236740589142
-6.387633013725281 50.436447703838347
-6.778765463829041 49.279347538948059
-7.316572582721711 48.871917903423309
-6.697279536724091 47.747412109374999
-7.4958416223526 47.910383963584898
-6.778765463829041 46.981444394588472
-5.360910332202912 46.394745719432834
-5.784637153148651 46.965147209167483
-4.203810167312622 46.280665421485899
-4.594942617416383 46.541420388221738
-3.421545267105103 47.046633136272433
-3.731191790103913 47.991869890689848
-2.900035333633423 47.942978334426883
-3.568219935894013 48.774134790897371
-4.757914471626282 49.214158797264098
-5.214235663414001 49.800857472419736
-5.735745596885682 49.474913763999936 
-5.817231523990632 45.612480819225311
